temporal:
  past: 0.351205438375473
  present: 0.34671011567115784
  future: 0.3020845055580139
spatial:
  thing: 0.35406044125556946
  place: 0.3015657067298889
  person: 0.344373881816864
ontological:
  imagined: 0.33609655499458313
  forgotten: 0.339752733707428
  known: 0.3241506516933441
confidence: 0.7338
chromatic_match: 0.289
drift:
  temporal_delta: 0.0179
  spatial_delta: 0.0207
  ontological_delta: 0.0028
  overall_drift: 0.0138
metadata:
  audio_file: /Users/gabrielwalsh/Documents/Music Production/Earthly Frames/White/Listening/Cultural
    Detector Living.mp3
  timestamp: '2026-03-13T16:05:29.929023+00:00'
  onnx_path: /Volumes/LucidNonsense/White/training/data/refractor.onnx
