temporal:
  past: 0.350393682718277
  present: 0.3520185351371765
  future: 0.2975877821445465
spatial:
  thing: 0.35328251123428345
  place: 0.29711735248565674
  person: 0.34960007667541504
ontological:
  imagined: 0.34215304255485535
  forgotten: 0.33650919795036316
  known: 0.3213376998901367
confidence: 0.7205
chromatic_match: 0.2868
drift:
  temporal_delta: 0.0171
  spatial_delta: 0.0199
  ontological_delta: 0.0088
  overall_drift: 0.0153
metadata:
  audio_file: /Users/gabrielwalsh/Documents/Music Production/Earthly Frames/White/Listening/Franklin
    Mine Conspiracy.mp3
  timestamp: '2026-03-13T15:59:30.904279+00:00'
  onnx_path: /Volumes/LucidNonsense/White/training/data/refractor.onnx
